    7
_______0	0.000000	0.204497	0.217975	0.195184	0.206185	0.205733  0.178271
_______1	0.204497	0.000000	0.094830	0.095727	0.093271	0.152387  0.190230
_______2	0.217975	0.094830	0.000000	0.068322	0.070510	0.164807  0.203352
_______3	0.195184	0.095727	0.068322	0.000000	0.039456	0.149206  0.193647
_______4	0.206185	0.093271	0.070510	0.039456	0.000000	0.152813  0.194584
_______5	0.205733	0.152387	0.164807	0.149206	0.152813	0.000000  0.166496
_______6	0.178271	0.190230	0.203352	0.193647	0.194584	0.166496  0.000000
