    7
_______0	0.000000	0.780761	0.795458	0.790490	0.772300	1.028766  0.981022
_______1	0.780761	0.000000	0.201287	0.231648	0.243389	0.810646  0.781176
_______2	0.795458	0.201287	0.000000	0.153287	0.159991	0.782742  0.779627
_______3	0.790490	0.231648	0.153287	0.000000	0.109277	0.816606  0.768379
_______4	0.772300	0.243389	0.159991	0.109277	0.000000	0.816187  0.796961
_______5	1.028766	0.810646	0.782742	0.816606	0.816187	0.000000  0.827203
_______6	0.981022	0.781176	0.779627	0.768379	0.796961	0.827203  0.000000
