    7
_______0	0.000000	1.001636	1.026176	1.013540	1.044845	0.991354  0.935815
_______1	1.001636	0.000000	0.235885	0.225145	0.221557	0.898224  0.905986
_______2	1.026176	0.235885	0.000000	0.166697	0.162780	0.929032  0.876303
_______3	1.013540	0.225145	0.166697	0.000000	0.099905	0.920009  0.917371
_______4	1.044845	0.221557	0.162780	0.099905	0.000000	0.907999  0.909281
_______5	0.991354	0.898224	0.929032	0.920009	0.907999	0.000000  0.850480
_______6	0.935815	0.905986	0.876303	0.917371	0.909281	0.850480  0.000000
