    7
_______0	0.000000	0.243882	0.235000	0.228281	1.178816	1.043426  1.150629
_______1	0.243882	0.000000	0.179638	0.191844	1.140134	1.076636  1.175732
_______2	0.235000	0.179638	0.000000	0.104493	1.045946	1.060824  1.148948
_______3	0.228281	0.191844	0.104493	0.000000	0.997781	0.994094  1.119848
_______4	1.178816	1.140134	1.045946	0.997781	0.000000	0.932072  0.891085
_______5	1.043426	1.076636	1.060824	0.994094	0.932072	0.000000  0.869240
_______6	1.150629	1.175732	1.148948	1.119848	0.891085	0.869240  0.000000
