    7
_______0	0.000000	0.729560	0.707861	0.762319	0.748395	0.784204  0.758526
_______1	0.729560	0.000000	0.619255	0.624791	0.640993	0.617664  0.580253
_______2	0.707861	0.619255	0.000000	0.671359	0.672337	0.722215  0.680072
_______3	0.762319	0.624791	0.671359	0.000000	0.189372	0.204952  0.204199
_______4	0.748395	0.640993	0.672337	0.189372	0.000000	0.128591  0.145653
_______5	0.784204	0.617664	0.722215	0.204952	0.128591	0.000000  0.095838
_______6	0.758526	0.580253	0.680072	0.204199	0.145653	0.095838  0.000000
