    7
_______0	0.000000	1.480186	1.500945	1.539174	1.530041	1.430276  1.211620
_______1	1.480186	0.000000	0.229437	0.237579	0.233387	1.334323  1.162936
_______2	1.500945	0.229437	0.000000	0.172222	0.158913	1.284832  1.199890
_______3	1.539174	0.237579	0.172222	0.000000	0.095623	1.302048  1.181691
_______4	1.530041	0.233387	0.158913	0.095623	0.000000	1.311979  1.202377
_______5	1.430276	1.334323	1.284832	1.302048	1.311979	0.000000  1.206470
_______6	1.211620	1.162936	1.199890	1.181691	1.202377	1.206470  0.000000
