    7
_______0	0.000000	0.403717	0.393922	0.438508	1.598389	1.779223  1.696868
_______1	0.403717	0.000000	0.246916	0.321214	1.819754	1.658791  1.865737
_______2	0.393922	0.246916	0.000000	0.181749	1.672551	1.784982  1.799438
_______3	0.438508	0.321214	0.181749	0.000000	1.740688	1.638768  1.807226
_______4	1.598389	1.819754	1.672551	1.740688	0.000000	1.719108  1.719914
_______5	1.779223	1.658791	1.784982	1.638768	1.719108	0.000000  1.359116
_______6	1.696868	1.865737	1.799438	1.807226	1.719914	1.359116  0.000000
