    7
_______0	0.000000	0.886960	0.733568	0.915743	0.913919	0.894999  0.838388
_______1	0.886960	0.000000	0.792765	0.672197	0.706004	0.656629  0.634304
_______2	0.733568	0.792765	0.000000	0.621493	0.682636	0.673931  0.653433
_______3	0.915743	0.672197	0.621493	0.000000	0.230385	0.195878  0.214080
_______4	0.913919	0.706004	0.682636	0.230385	0.000000	0.229537  0.223750
_______5	0.894999	0.656629	0.673931	0.195878	0.229537	0.000000  0.149815
_______6	0.838388	0.634304	0.653433	0.214080	0.223750	0.149815  0.000000
