    7
_______0	0.000000	0.330641	0.338894	0.305207	0.301892	0.313617  0.307934
_______1	0.330641	0.000000	0.398057	0.403198	0.377141	0.362046  0.369389
_______2	0.338894	0.398057	0.000000	0.271454	0.294300	0.307308  0.321854
_______3	0.305207	0.403198	0.271454	0.000000	0.171126	0.170871  0.159413
_______4	0.301892	0.377141	0.294300	0.171126	0.000000	0.124913  0.101875
_______5	0.313617	0.362046	0.307308	0.170871	0.124913	0.000000  0.086067
_______6	0.307934	0.369389	0.321854	0.159413	0.101875	0.086067  0.000000
