    7
_______0	0.000000	1.003033	0.964537	0.961874	0.920594	1.029600  0.961855
_______1	1.003033	0.000000	0.297925	0.296539	0.274049	0.958423  0.999722
_______2	0.964537	0.297925	0.000000	0.192595	0.184758	1.056752  0.984860
_______3	0.961874	0.296539	0.192595	0.000000	0.111594	1.005291  1.043681
_______4	0.920594	0.274049	0.184758	0.111594	0.000000	1.013184  1.065899
_______5	1.029600	0.958423	1.056752	1.005291	1.013184	0.000000  0.902863
_______6	0.961855	0.999722	0.984860	1.043681	1.065899	0.902863  0.000000
