    7
_______0	0.000000	0.522536	0.507980	0.538575	0.450048	0.549581  0.568688
_______1	0.522536	0.000000	0.449720	0.429996	0.353916	0.439260  0.484276
_______2	0.507980	0.449720	0.000000	0.448478	0.370061	0.436825  0.491097
_______3	0.538575	0.429996	0.448478	0.000000	0.165312	0.203501  0.176170
_______4	0.450048	0.353916	0.370061	0.165312	0.000000	0.098055  0.136849
_______5	0.549581	0.439260	0.436825	0.203501	0.098055	0.000000  0.140500
_______6	0.568688	0.484276	0.491097	0.176170	0.136849	0.140500  0.000000
