    7
_______0	0.000000	1.223369	1.349555	1.333819	1.260861	1.341067  1.295894
_______1	1.223369	0.000000	1.222833	1.395658	1.399608	1.333435  1.279342
_______2	1.349555	1.222833	0.000000	1.249412	1.255217	1.227195  1.212479
_______3	1.333819	1.395658	1.249412	0.000000	0.287233	0.274318  0.277395
_______4	1.260861	1.399608	1.255217	0.287233	0.000000	0.220441  0.230565
_______5	1.341067	1.333435	1.227195	0.274318	0.220441	0.000000  0.139443
_______6	1.295894	1.279342	1.212479	0.277395	0.230565	0.139443  0.000000
