    7
_______0	0.000000	0.179143	0.222018	0.207010	0.206330	0.196004  0.265159
_______1	0.179143	0.000000	0.228082	0.197341	0.202957	0.235250  0.276288
_______2	0.222018	0.228082	0.000000	0.227681	0.236045	0.220791  0.280819
_______3	0.207010	0.197341	0.227681	0.000000	0.200998	0.197881  0.270075
_______4	0.206330	0.202957	0.236045	0.200998	0.000000	0.135301  0.264673
_______5	0.196004	0.235250	0.220791	0.197881	0.135301	0.000000  0.257917
_______6	0.265159	0.276288	0.280819	0.270075	0.264673	0.257917  0.000000
