    7
_______0	0.000000	0.723619	0.737217	0.722173	0.731664	0.720878  0.728851
_______1	0.723619	0.000000	0.673742	0.699836	0.718871	0.704571  0.699879
_______2	0.737217	0.673742	0.000000	0.642037	0.644519	0.665012  0.647785
_______3	0.722173	0.699836	0.642037	0.000000	0.171573	0.164585  0.157623
_______4	0.731664	0.718871	0.644519	0.171573	0.000000	0.129890  0.120908
_______5	0.720878	0.704571	0.665012	0.164585	0.129890	0.000000  0.080957
_______6	0.728851	0.699879	0.647785	0.157623	0.120908	0.080957  0.000000
