    7
_______0	0.000000	0.683920	0.683271	0.681841	0.688002	0.632881  0.669565
_______1	0.683920	0.000000	0.785841	0.697819	0.680346	0.676989  0.671887
_______2	0.683271	0.785841	0.000000	0.631029	0.667779	0.647262  0.647317
_______3	0.681841	0.697819	0.631029	0.000000	0.211124	0.191843  0.234610
_______4	0.688002	0.680346	0.667779	0.211124	0.000000	0.171711  0.211596
_______5	0.632881	0.676989	0.647262	0.191843	0.171711	0.000000  0.109780
_______6	0.669565	0.671887	0.647317	0.234610	0.211596	0.109780  0.000000
