    7
_______0	0.000000	0.274532	0.254461	0.245452	1.077286	1.085873  1.275032
_______1	0.274532	0.000000	0.226326	0.196754	1.056320	1.105315  1.209075
_______2	0.254461	0.226326	0.000000	0.128170	1.038513	1.009328  1.137914
_______3	0.245452	0.196754	0.128170	0.000000	1.060438	1.002284  1.159420
_______4	1.077286	1.056320	1.038513	1.060438	0.000000	0.885247  0.882484
_______5	1.085873	1.105315	1.009328	1.002284	0.885247	0.000000  0.854967
_______6	1.275032	1.209075	1.137914	1.159420	0.882484	0.854967  0.000000
