    7
_______0	0.000000	1.043828	0.861377	0.903407	0.861885	0.853982  0.849141
_______1	1.043828	0.000000	0.897033	1.044994	1.013988	1.060776  1.067512
_______2	0.861377	0.897033	0.000000	0.888702	0.874922	0.863926  0.888213
_______3	0.903407	1.044994	0.888702	0.000000	0.266497	0.241489  0.268317
_______4	0.861885	1.013988	0.874922	0.266497	0.000000	0.175431  0.198161
_______5	0.853982	1.060776	0.863926	0.241489	0.175431	0.000000  0.116109
_______6	0.849141	1.067512	0.888213	0.268317	0.198161	0.116109  0.000000
