    7
_______0	0.000000	0.642508	0.622862	0.858895	0.813621	0.794455  0.767670
_______1	0.642508	0.000000	0.695329	0.659932	0.605617	0.633331  0.631012
_______2	0.622862	0.695329	0.000000	0.436298	0.598554	0.540842  0.476121
_______3	0.858895	0.659932	0.436298	0.000000	0.203843	0.171577  0.200153
_______4	0.813621	0.605617	0.598554	0.203843	0.000000	0.157985  0.159985
_______5	0.794455	0.633331	0.540842	0.171577	0.157985	0.000000  0.109405
_______6	0.767670	0.631012	0.476121	0.200153	0.159985	0.109405  0.000000
