    7
_______0	0.000000	0.539984	0.521470	0.518746	0.521222	0.527465  0.440015
_______1	0.539984	0.000000	0.573165	0.586330	0.580151	0.584655  0.473611
_______2	0.521470	0.573165	0.000000	0.033904	0.062179	0.062500  0.423309
_______3	0.518746	0.586330	0.033904	0.000000	0.060484	0.071068  0.435662
_______4	0.521222	0.580151	0.062179	0.060484	0.000000	0.072638  0.448486
_______5	0.527465	0.584655	0.062500	0.071068	0.072638	0.000000  0.450816
_______6	0.440015	0.473611	0.423309	0.435662	0.448486	0.450816  0.000000
