    7
_______0	0.000000	0.203519	0.206802	0.189361	0.719842	0.776227  0.705682
_______1	0.203519	0.000000	0.156613	0.115474	0.721717	0.802848  0.738308
_______2	0.206802	0.156613	0.000000	0.087817	0.718999	0.782688  0.734888
_______3	0.189361	0.115474	0.087817	0.000000	0.722561	0.806732  0.753166
_______4	0.719842	0.721717	0.718999	0.722561	0.000000	0.707727  0.707921
_______5	0.776227	0.802848	0.782688	0.806732	0.707727	0.000000  0.623005
_______6	0.705682	0.738308	0.734888	0.753166	0.707921	0.623005  0.000000
