    7
_______0	0.000000	0.320452	0.323745	0.272256	0.977882	0.914288  0.913584
_______1	0.320452	0.000000	0.274306	0.234459	1.031853	1.026467  0.898987
_______2	0.323745	0.274306	0.000000	0.149288	1.080324	1.027269  0.942401
_______3	0.272256	0.234459	0.149288	0.000000	1.041639	1.004675  0.985493
_______4	0.977882	1.031853	1.080324	1.041639	0.000000	0.995606  0.918662
_______5	0.914288	1.026467	1.027269	1.004675	0.995606	0.000000  0.936376
_______6	0.913584	0.898987	0.942401	0.985493	0.918662	0.936376  0.000000
