    7
_______0	0.000000	1.882286	1.800878	1.692150	1.590266	1.657785  1.621005
_______1	1.882286	0.000000	1.145343	0.941162	0.932953	0.942493  1.016357
_______2	1.800878	1.145343	0.000000	1.004614	0.993687	1.012747  1.071075
_______3	1.692150	0.941162	1.004614	0.000000	0.276213	0.246615  0.251656
_______4	1.590266	0.932953	0.993687	0.276213	0.000000	0.198466  0.224134
_______5	1.657785	0.942493	1.012747	0.246615	0.198466	0.000000  0.133358
_______6	1.621005	1.016357	1.071075	0.251656	0.224134	0.133358  0.000000
