    7
_______0	0.000000	1.213240	1.114910	1.021394	1.045047	1.046041  1.047698
_______1	1.213240	0.000000	0.820936	0.753723	0.813782	0.834316  0.774838
_______2	1.114910	0.820936	0.000000	0.772468	0.755707	0.748433  0.771074
_______3	1.021394	0.753723	0.772468	0.000000	0.241686	0.242673  0.245725
_______4	1.045047	0.813782	0.755707	0.241686	0.000000	0.159142  0.181799
_______5	1.046041	0.834316	0.748433	0.242673	0.159142	0.000000  0.135205
_______6	1.047698	0.774838	0.771074	0.245725	0.181799	0.135205  0.000000
