    7
_______0	0.000000	0.690855	0.773984	0.742276	0.760534	0.630673  0.675920
_______1	0.690855	0.000000	0.218245	0.203740	0.226793	0.544164  0.613841
_______2	0.773984	0.218245	0.000000	0.163017	0.131938	0.579288  0.566041
_______3	0.742276	0.203740	0.163017	0.000000	0.094809	0.568337  0.532130
_______4	0.760534	0.226793	0.131938	0.094809	0.000000	0.568189  0.515928
_______5	0.630673	0.544164	0.579288	0.568337	0.568189	0.000000  0.545859
_______6	0.675920	0.613841	0.566041	0.532130	0.515928	0.545859  0.000000
