    7
_______0	0.000000	1.117821	0.978654	1.357075	1.326638	1.326477  1.155285
_______1	1.117821	0.000000	1.143056	1.055165	1.071008	0.992970  0.944267
_______2	0.978654	1.143056	0.000000	0.954721	1.008072	0.957197  0.810651
_______3	1.357075	1.055165	0.954721	0.000000	0.363958	0.363776  0.380832
_______4	1.326638	1.071008	1.008072	0.363958	0.000000	0.277230  0.226700
_______5	1.326477	0.992970	0.957197	0.363776	0.277230	0.000000  0.146133
_______6	1.155285	0.944267	0.810651	0.380832	0.226700	0.146133  0.000000
