    7
_______0	0.000000	0.185674	0.199586	0.183768	0.578454	0.674714  0.623401
_______1	0.185674	0.000000	0.143328	0.137943	0.580331	0.681843  0.614782
_______2	0.199586	0.143328	0.000000	0.086584	0.573295	0.663547  0.614187
_______3	0.183768	0.137943	0.086584	0.000000	0.559867	0.653118  0.599439
_______4	0.578454	0.580331	0.573295	0.559867	0.000000	0.687204  0.537755
_______5	0.674714	0.681843	0.663547	0.653118	0.687204	0.000000  0.550641
_______6	0.623401	0.614782	0.614187	0.599439	0.537755	0.550641  0.000000
