    7
_______0	0.000000	0.278920	0.248402	0.280540	1.202302	1.132019  1.096823
_______1	0.278920	0.000000	0.184516	0.212893	1.218371	1.096177  1.125417
_______2	0.248402	0.184516	0.000000	0.128601	1.222829	1.094407  1.095023
_______3	0.280540	0.212893	0.128601	0.000000	1.257438	1.110400  1.127589
_______4	1.202302	1.218371	1.222829	1.257438	0.000000	1.071772  1.216245
_______5	1.132019	1.096177	1.094407	1.110400	1.071772	0.000000  1.003431
_______6	1.096823	1.125417	1.095023	1.127589	1.216245	1.003431  0.000000
