    7
_______0	0.000000	0.194282	0.191731	0.213890	0.586086	0.551598  0.531431
_______1	0.194282	0.000000	0.158123	0.184321	0.602200	0.593701  0.564714
_______2	0.191731	0.158123	0.000000	0.114251	0.572163	0.587008  0.561168
_______3	0.213890	0.184321	0.114251	0.000000	0.568450	0.585352  0.542438
_______4	0.586086	0.602200	0.572163	0.568450	0.000000	0.544667  0.571663
_______5	0.551598	0.593701	0.587008	0.585352	0.544667	0.000000  0.560691
_______6	0.531431	0.564714	0.561168	0.542438	0.571663	0.560691  0.000000
