    7
_______0	0.000000	0.155630	0.146735	0.158501	0.393656	0.366899  0.353935
_______1	0.155630	0.000000	0.111219	0.124520	0.349403	0.403942  0.362720
_______2	0.146735	0.111219	0.000000	0.073962	0.349267	0.392702  0.365776
_______3	0.158501	0.124520	0.073962	0.000000	0.355044	0.396285  0.352405
_______4	0.393656	0.349403	0.349267	0.355044	0.000000	0.386098  0.358005
_______5	0.366899	0.403942	0.392702	0.396285	0.386098	0.000000  0.327358
_______6	0.353935	0.362720	0.365776	0.352405	0.358005	0.327358  0.000000
