    7
_______0	0.000000	1.871966	1.657291	1.638444	1.835972	1.897111  1.690490
_______1	1.871966	0.000000	0.309050	0.292460	0.308632	1.965593  1.663393
_______2	1.657291	0.309050	0.000000	0.097010	0.195667	1.796142  1.479819
_______3	1.638444	0.292460	0.097010	0.000000	0.186795	1.735824  1.495037
_______4	1.835972	0.308632	0.195667	0.186795	0.000000	2.061901  1.586888
_______5	1.897111	1.965593	1.796142	1.735824	2.061901	0.000000  1.267996
_______6	1.690490	1.663393	1.479819	1.495037	1.586888	1.267996  0.000000
