    7
_______0	0.000000	0.257436	0.278185	0.234230	0.996022	0.954860  0.954641
_______1	0.257436	0.000000	0.207636	0.193064	0.950160	0.902875  0.843283
_______2	0.278185	0.207636	0.000000	0.129456	0.955997	1.005493  0.876607
_______3	0.234230	0.193064	0.129456	0.000000	0.995552	0.973758  0.903574
_______4	0.996022	0.950160	0.955997	0.995552	0.000000	0.698874  0.688022
_______5	0.954860	0.902875	1.005493	0.973758	0.698874	0.000000  0.633089
_______6	0.954641	0.843283	0.876607	0.903574	0.688022	0.633089  0.000000
