    7
_______0	0.000000	0.192890	0.176637	0.189196	0.491155	0.516593  0.514492
_______1	0.192890	0.000000	0.141524	0.158126	0.491157	0.514347  0.515832
_______2	0.176637	0.141524	0.000000	0.104813	0.500424	0.522669  0.519595
_______3	0.189196	0.158126	0.104813	0.000000	0.515812	0.522377  0.516728
_______4	0.491155	0.491157	0.500424	0.515812	0.000000	0.531441  0.495997
_______5	0.516593	0.514347	0.522669	0.522377	0.531441	0.000000  0.490314
_______6	0.514492	0.515832	0.519595	0.516728	0.495997	0.490314  0.000000
