    7
_______0	0.000000	1.329851	1.135439	1.428020	1.363864	1.361564  1.377156
_______1	1.329851	0.000000	1.173136	1.303381	1.251527	1.143395  1.193309
_______2	1.135439	1.173136	0.000000	1.006986	1.167871	1.104722  1.108735
_______3	1.428020	1.303381	1.006986	0.000000	0.287627	0.293098  0.290727
_______4	1.363864	1.251527	1.167871	0.287627	0.000000	0.175692  0.155607
_______5	1.361564	1.143395	1.104722	0.293098	0.175692	0.000000  0.113493
_______6	1.377156	1.193309	1.108735	0.290727	0.155607	0.113493  0.000000
