    7
_______0	0.000000	0.869069	0.832113	0.859602	0.850099	0.825523  0.803191
_______1	0.869069	0.000000	0.191446	0.212302	0.195739	0.516621  0.600692
_______2	0.832113	0.191446	0.000000	0.163177	0.148981	0.535761  0.603213
_______3	0.859602	0.212302	0.163177	0.000000	0.094787	0.526771  0.591477
_______4	0.850099	0.195739	0.148981	0.094787	0.000000	0.532639  0.615862
_______5	0.825523	0.516621	0.535761	0.526771	0.532639	0.000000  0.540038
_______6	0.803191	0.600692	0.603213	0.591477	0.615862	0.540038  0.000000
