    7
_______0	0.000000	1.062207	1.166418	1.165391	1.130712	1.208347  1.286771
_______1	1.062207	0.000000	0.331032	0.291906	0.323059	0.963437  1.053103
_______2	1.166418	0.331032	0.000000	0.215392	0.241264	0.937156  1.066090
_______3	1.165391	0.291906	0.215392	0.000000	0.130572	0.928564  1.070381
_______4	1.130712	0.323059	0.241264	0.130572	0.000000	0.934978  1.046302
_______5	1.208347	0.963437	0.937156	0.928564	0.934978	0.000000  0.961514
_______6	1.286771	1.053103	1.066090	1.070381	1.046302	0.961514  0.000000
