    7
_______0	0.000000	0.105551	0.106647	0.143600	0.279497	0.293429  0.403689
_______1	0.105551	0.000000	0.074594	0.149042	0.286970	0.316594  0.403706
_______2	0.106647	0.074594	0.000000	0.149486	0.297534	0.296366  0.405210
_______3	0.143600	0.149042	0.149486	0.000000	0.283391	0.283114  0.343762
_______4	0.279497	0.286970	0.297534	0.283391	0.000000	0.336316  0.365091
_______5	0.293429	0.316594	0.296366	0.283114	0.336316	0.000000  0.289306
_______6	0.403689	0.403706	0.405210	0.343762	0.365091	0.289306  0.000000
