    7
_______0	0.000000	0.321656	0.288140	0.312669	1.079384	1.191703  0.932467
_______1	0.321656	0.000000	0.237861	0.223352	0.982024	1.219959  1.014036
_______2	0.288140	0.237861	0.000000	0.140752	1.069341	1.301173  1.012529
_______3	0.312669	0.223352	0.140752	0.000000	1.007756	1.202365  1.071604
_______4	1.079384	0.982024	1.069341	1.007756	0.000000	0.893353  1.058425
_______5	1.191703	1.219959	1.301173	1.202365	0.893353	0.000000  0.914467
_______6	0.932467	1.014036	1.012529	1.071604	1.058425	0.914467  0.000000
