    7
_______0	0.000000	0.238879	0.240030	0.227373	1.179462	1.204018  1.264561
_______1	0.238879	0.000000	0.191357	0.169382	1.231422	1.189508  1.273556
_______2	0.240030	0.191357	0.000000	0.114273	1.252868	1.227237  1.265142
_______3	0.227373	0.169382	0.114273	0.000000	1.214277	1.205535  1.288935
_______4	1.179462	1.231422	1.252868	1.214277	0.000000	1.146028  1.082433
_______5	1.204018	1.189508	1.227237	1.205535	1.146028	0.000000  1.045123
_______6	1.264561	1.273556	1.265142	1.288935	1.082433	1.045123  0.000000
