    7
_______0	0.000000	0.591638	0.594575	0.627296	0.632274	0.559717  0.597638
_______1	0.591638	0.000000	0.186058	0.144863	0.130163	0.574363  0.611196
_______2	0.594575	0.186058	0.000000	0.202893	0.183028	0.578964  0.637149
_______3	0.627296	0.144863	0.202893	0.000000	0.086724	0.567377  0.618114
_______4	0.632274	0.130163	0.183028	0.086724	0.000000	0.614628  0.619667
_______5	0.559717	0.574363	0.578964	0.567377	0.614628	0.000000  0.506372
_______6	0.597638	0.611196	0.637149	0.618114	0.619667	0.506372  0.000000
