    7
_______0	0.000000	0.576113	0.512061	0.549550	0.562184	0.540015  0.543819
_______1	0.576113	0.000000	0.489343	0.513006	0.517315	0.515618  0.524073
_______2	0.512061	0.489343	0.000000	0.438799	0.471191	0.458291  0.458441
_______3	0.549550	0.513006	0.438799	0.000000	0.215451	0.212348  0.225578
_______4	0.562184	0.517315	0.471191	0.215451	0.000000	0.152256  0.170722
_______5	0.540015	0.515618	0.458291	0.212348	0.152256	0.000000  0.102534
_______6	0.543819	0.524073	0.458441	0.225578	0.170722	0.102534  0.000000
