    7
_______0	0.000000	0.861471	0.772863	0.800986	0.844622	0.847775  0.830873
_______1	0.861471	0.000000	0.741303	0.829926	0.843974	0.870870  0.883715
_______2	0.772863	0.741303	0.000000	0.719990	0.726796	0.731082  0.743602
_______3	0.800986	0.829926	0.719990	0.000000	0.215889	0.217990  0.218665
_______4	0.844622	0.843974	0.726796	0.215889	0.000000	0.152861  0.159885
_______5	0.847775	0.870870	0.731082	0.217990	0.152861	0.000000  0.081626
_______6	0.830873	0.883715	0.743602	0.218665	0.159885	0.081626  0.000000
