    7
_______0	0.000000	1.710633	1.598340	1.182430	1.669518	1.684075  1.744214
_______1	1.710633	0.000000	1.450544	1.134913	1.640691	1.603700  1.581125
_______2	1.598340	1.450544	0.000000	0.939984	1.411163	1.373056  1.374985
_______3	1.182430	1.134913	0.939984	0.000000	0.211776	0.199336  0.202955
_______4	1.669518	1.640691	1.411163	0.211776	0.000000	0.208486  0.184714
_______5	1.684075	1.603700	1.373056	0.199336	0.208486	0.000000  0.129436
_______6	1.744214	1.581125	1.374985	0.202955	0.184714	0.129436  0.000000
