    7
_______0	0.000000	0.252358	0.285196	0.249963	1.855660	1.499212  1.536055
_______1	0.252358	0.000000	0.184967	0.174089	1.664953	1.504922  1.543081
_______2	0.285196	0.184967	0.000000	0.152130	1.381856	1.360653  1.657737
_______3	0.249963	0.174089	0.152130	0.000000	1.728589	1.574674  1.493928
_______4	1.855660	1.664953	1.381856	1.728589	0.000000	1.801923  1.842785
_______5	1.499212	1.504922	1.360653	1.574674	1.801923	0.000000  1.196540
_______6	1.536055	1.543081	1.657737	1.493928	1.842785	1.196540  0.000000
