    7
_______0	0.000000	1.396750	1.169044	1.025115	1.157756	1.060398  1.098029
_______1	1.396750	0.000000	0.934304	0.885567	0.941599	0.870053  0.888154
_______2	1.169044	0.934304	0.000000	0.536647	0.515185	0.508760  0.479112
_______3	1.025115	0.885567	0.536647	0.000000	0.283263	0.259044  0.264509
_______4	1.157756	0.941599	0.515185	0.283263	0.000000	0.146207  0.162012
_______5	1.060398	0.870053	0.508760	0.259044	0.146207	0.000000  0.094783
_______6	1.098029	0.888154	0.479112	0.264509	0.162012	0.094783  0.000000
