    7
_______0	0.000000	0.262908	0.248245	0.257142	0.718117	0.719026  0.733576
_______1	0.262908	0.000000	0.179889	0.170397	0.782184	0.705115  0.733488
_______2	0.248245	0.179889	0.000000	0.101005	0.780559	0.711140  0.736612
_______3	0.257142	0.170397	0.101005	0.000000	0.787885	0.713023  0.727826
_______4	0.718117	0.782184	0.780559	0.787885	0.000000	0.690961  0.746779
_______5	0.719026	0.705115	0.711140	0.713023	0.690961	0.000000  0.627732
_______6	0.733576	0.733488	0.736612	0.727826	0.746779	0.627732  0.000000
