    7
_______0	0.000000	0.257341	0.222074	0.219689	1.718424	2.337245  3.023487
_______1	0.257341	0.000000	0.165975	0.150238	1.014624	1.137955  1.085959
_______2	0.222074	0.165975	0.000000	0.093914	0.989205	1.074698  1.073259
_______3	0.219689	0.150238	0.093914	0.000000	1.011304	1.093266  1.087300
_______4	1.718424	1.014624	0.989205	1.011304	0.000000	0.862338  0.765325
_______5	2.337245	1.137955	1.074698	1.093266	0.862338	0.000000  0.921436
_______6	3.023487	1.085959	1.073259	1.087300	0.765325	0.921436  0.000000
