    7
_______0	0.000000	0.690742	0.568225	0.602105	0.634485	0.576398  0.654211
_______1	0.690742	0.000000	0.484234	0.359577	0.333648	0.332021  0.365721
_______2	0.568225	0.484234	0.000000	0.410381	0.379539	0.401351  0.378399
_______3	0.602105	0.359577	0.410381	0.000000	0.132858	0.163439  0.129425
_______4	0.634485	0.333648	0.379539	0.132858	0.000000	0.155428  0.063579
_______5	0.576398	0.332021	0.401351	0.163439	0.155428	0.000000  0.163529
_______6	0.654211	0.365721	0.378399	0.129425	0.063579	0.163529  0.000000
