    7
_______0	0.000000	0.876608	0.816337	0.843602	0.947171	0.914557  0.944468
_______1	0.876608	0.000000	0.679904	0.668392	0.799826	0.658440  0.654352
_______2	0.816337	0.679904	0.000000	0.684724	0.665529	0.604138  0.653013
_______3	0.843602	0.668392	0.684724	0.000000	0.287036	0.242647  0.240575
_______4	0.947171	0.799826	0.665529	0.287036	0.000000	0.198311  0.193613
_______5	0.914557	0.658440	0.604138	0.242647	0.198311	0.000000  0.128593
_______6	0.944468	0.654352	0.653013	0.240575	0.193613	0.128593  0.000000
