    7
_______0	0.000000	1.522797	1.544190	1.580345	1.663353	1.503456  1.448214
_______1	1.522797	0.000000	0.296582	0.331818	0.301674	1.493310  1.388031
_______2	1.544190	0.296582	0.000000	0.236786	0.224993	1.378189  1.528724
_______3	1.580345	0.331818	0.236786	0.000000	0.158786	1.462565  1.581337
_______4	1.663353	0.301674	0.224993	0.158786	0.000000	1.431026  1.547671
_______5	1.503456	1.493310	1.378189	1.462565	1.431026	0.000000  1.185973
_______6	1.448214	1.388031	1.528724	1.581337	1.547671	1.185973  0.000000
