    7
_______0	0.000000	0.234661	0.239283	0.255123	1.147913	1.122578  1.110412
_______1	0.234661	0.000000	0.162501	0.183672	1.263002	1.340589  1.398419
_______2	0.239283	0.162501	0.000000	0.100145	1.244030	1.292340  1.350594
_______3	0.255123	0.183672	0.100145	0.000000	1.220179	1.254721  1.340293
_______4	1.147913	1.263002	1.244030	1.220179	0.000000	1.258885  1.366306
_______5	1.122578	1.340589	1.292340	1.254721	1.258885	0.000000  0.999035
_______6	1.110412	1.398419	1.350594	1.340293	1.366306	0.999035  0.000000
