    7
_______0	0.000000	0.924431	0.954292	1.239571	1.331750	1.229741  1.240401
_______1	0.924431	0.000000	0.842040	1.136056	1.110880	1.204986  1.180292
_______2	0.954292	0.842040	0.000000	0.896835	0.893428	0.839415  0.841723
_______3	1.239571	1.136056	0.896835	0.000000	0.280286	0.268535  0.292399
_______4	1.331750	1.110880	0.893428	0.280286	0.000000	0.220435  0.211009
_______5	1.229741	1.204986	0.839415	0.268535	0.220435	0.000000  0.100711
_______6	1.240401	1.180292	0.841723	0.292399	0.211009	0.100711  0.000000
