    7
_______0	0.000000	0.225713	0.221613	0.260752	1.131777	1.181769  1.483254
_______1	0.225713	0.000000	0.169827	0.214216	1.276647	1.131522  1.379598
_______2	0.221613	0.169827	0.000000	0.133887	1.197543	1.184555  1.457661
_______3	0.260752	0.214216	0.133887	0.000000	1.289847	1.193626  1.407870
_______4	1.131777	1.276647	1.197543	1.289847	0.000000	0.982963  1.129917
_______5	1.181769	1.131522	1.184555	1.193626	0.982963	0.000000  1.173039
_______6	1.483254	1.379598	1.457661	1.407870	1.129917	1.173039  0.000000
