    7
_______0	0.000000	1.037542	1.007365	0.995507	0.994029	1.023679  0.832239
_______1	1.037542	0.000000	0.259892	0.238225	0.255339	0.799219  0.844209
_______2	1.007365	0.259892	0.000000	0.184434	0.167474	0.813612  0.882942
_______3	0.995507	0.238225	0.184434	0.000000	0.123750	0.822253  0.883011
_______4	0.994029	0.255339	0.167474	0.123750	0.000000	0.858118  0.868045
_______5	1.023679	0.799219	0.813612	0.822253	0.858118	0.000000  0.800612
_______6	0.832239	0.844209	0.882942	0.883011	0.868045	0.800612  0.000000
