    7
_______0	0.000000	0.133016	0.142184	0.146285	0.448929	0.384274  0.419995
_______1	0.133016	0.000000	0.050305	0.096455	0.453688	0.377259  0.397637
_______2	0.142184	0.050305	0.000000	0.096567	0.457818	0.387930  0.409642
_______3	0.146285	0.096455	0.096567	0.000000	0.459580	0.385929  0.401974
_______4	0.448929	0.453688	0.457818	0.459580	0.000000	0.379024  0.455617
_______5	0.384274	0.377259	0.387930	0.385929	0.379024	0.000000  0.348001
_______6	0.419995	0.397637	0.409642	0.401974	0.455617	0.348001  0.000000
