    7
_______0	0.000000	0.229940	0.228252	0.219957	1.019506	1.085298  1.056198
_______1	0.229940	0.000000	0.180786	0.160068	1.022926	1.050636  1.066466
_______2	0.228252	0.180786	0.000000	0.110993	1.020568	1.074289  1.065945
_______3	0.219957	0.160068	0.110993	0.000000	1.049483	1.104029  1.060338
_______4	1.019506	1.022926	1.020568	1.049483	0.000000	0.921554  0.962954
_______5	1.085298	1.050636	1.074289	1.104029	0.921554	0.000000  0.827462
_______6	1.056198	1.066466	1.065945	1.060338	0.962954	0.827462  0.000000
