    7
_______0	0.000000	0.781262	0.773095	0.798446	0.807545	0.788729  0.779810
_______1	0.781262	0.000000	0.736033	0.701147	0.684810	0.687013  0.670665
_______2	0.773095	0.736033	0.000000	0.694147	0.734511	0.733765  0.732904
_______3	0.798446	0.701147	0.694147	0.000000	0.241612	0.237054  0.242181
_______4	0.807545	0.684810	0.734511	0.241612	0.000000	0.168664  0.180443
_______5	0.788729	0.687013	0.733765	0.237054	0.168664	0.000000  0.118676
_______6	0.779810	0.670665	0.732904	0.242181	0.180443	0.118676  0.000000
