    7
_______0	0.000000	0.821124	0.835184	0.854658	0.970182	0.891446  0.876297
_______1	0.821124	0.000000	0.698738	0.596199	0.657118	0.625793  0.654497
_______2	0.835184	0.698738	0.000000	0.656039	0.624595	0.639612  0.647167
_______3	0.854658	0.596199	0.656039	0.000000	0.228123	0.224826  0.221498
_______4	0.970182	0.657118	0.624595	0.228123	0.000000	0.151659  0.166699
_______5	0.891446	0.625793	0.639612	0.224826	0.151659	0.000000  0.108440
_______6	0.876297	0.654497	0.647167	0.221498	0.166699	0.108440  0.000000
