    7
_______0	0.000000	1.329127	1.192961	1.177753	1.287094	1.246436  1.233477
_______1	1.329127	0.000000	1.039639	1.160833	1.317381	1.281918  1.287838
_______2	1.192961	1.039639	0.000000	0.895935	0.835002	0.862163  0.859543
_______3	1.177753	1.160833	0.895935	0.000000	0.228313	0.247072  0.229313
_______4	1.287094	1.317381	0.835002	0.228313	0.000000	0.174063  0.166325
_______5	1.246436	1.281918	0.862163	0.247072	0.174063	0.000000  0.114812
_______6	1.233477	1.287838	0.859543	0.229313	0.166325	0.114812  0.000000
