    7
_______0	0.000000	0.849659	0.834574	0.859625	0.735484	0.867867  0.870107
_______1	0.849659	0.000000	0.834935	0.915807	0.786070	0.894216  0.910358
_______2	0.834574	0.834935	0.000000	0.820784	0.745112	0.824199  0.804930
_______3	0.859625	0.915807	0.820784	0.000000	0.232790	0.254532  0.264400
_______4	0.735484	0.786070	0.745112	0.232790	0.000000	0.160211  0.173964
_______5	0.867867	0.894216	0.824199	0.254532	0.160211	0.000000  0.119655
_______6	0.870107	0.910358	0.804930	0.264400	0.173964	0.119655  0.000000
