    7
_______0	0.000000	1.318133	1.247786	1.262826	1.278434	1.416562  1.434160
_______1	1.318133	0.000000	0.321390	0.322951	0.289777	1.359201  1.381001
_______2	1.247786	0.321390	0.000000	0.223920	0.225662	1.372765  1.225089
_______3	1.262826	0.322951	0.223920	0.000000	0.150713	1.329854  1.146105
_______4	1.278434	0.289777	0.225662	0.150713	0.000000	1.291642  1.209323
_______5	1.416562	1.359201	1.372765	1.329854	1.291642	0.000000  1.169266
_______6	1.434160	1.381001	1.225089	1.146105	1.209323	1.169266  0.000000
