    7
_______0	0.000000	0.477026	0.520370	0.435302	0.474059	0.493042  0.481282
_______1	0.477026	0.000000	0.428463	0.431622	0.453147	0.441714  0.461093
_______2	0.520370	0.428463	0.000000	0.419514	0.373923	0.386853  0.404022
_______3	0.435302	0.431622	0.419514	0.000000	0.146225	0.162278  0.158677
_______4	0.474059	0.453147	0.373923	0.146225	0.000000	0.099821  0.095610
_______5	0.493042	0.441714	0.386853	0.162278	0.099821	0.000000  0.075475
_______6	0.481282	0.461093	0.404022	0.158677	0.095610	0.075475  0.000000
