    7
_______0	0.000000	0.904923	0.735019	0.820926	0.815331	0.798524  0.773078
_______1	0.904923	0.000000	0.733051	0.641056	0.615101	0.627855  0.690685
_______2	0.735019	0.733051	0.000000	0.620353	0.652563	0.592493  0.607171
_______3	0.820926	0.641056	0.620353	0.000000	0.223795	0.217561  0.240730
_______4	0.815331	0.615101	0.652563	0.223795	0.000000	0.134469  0.146797
_______5	0.798524	0.627855	0.592493	0.217561	0.134469	0.000000  0.086815
_______6	0.773078	0.690685	0.607171	0.240730	0.146797	0.086815  0.000000
