    7
_______0	0.000000	0.737961	0.604183	0.764410	0.791630	0.782824  0.794421
_______1	0.737961	0.000000	0.544935	0.705248	0.778119	0.782935  0.802183
_______2	0.604183	0.544935	0.000000	0.568421	0.592145	0.591363  0.639842
_______3	0.764410	0.705248	0.568421	0.000000	0.224151	0.216060  0.235648
_______4	0.791630	0.778119	0.592145	0.224151	0.000000	0.168865  0.185042
_______5	0.782824	0.782935	0.591363	0.216060	0.168865	0.000000  0.103906
_______6	0.794421	0.802183	0.639842	0.235648	0.185042	0.103906  0.000000
