    7
_______0	0.000000	0.163057	0.141375	0.161424	0.423477	0.380190  0.436920
_______1	0.163057	0.000000	0.117139	0.127146	0.430611	0.382926  0.416852
_______2	0.141375	0.117139	0.000000	0.073641	0.412836	0.368897  0.424693
_______3	0.161424	0.127146	0.073641	0.000000	0.412567	0.371922  0.411579
_______4	0.423477	0.430611	0.412836	0.412567	0.000000	0.437162  0.418977
_______5	0.380190	0.382926	0.368897	0.371922	0.437162	0.000000  0.412116
_______6	0.436920	0.416852	0.424693	0.411579	0.418977	0.412116  0.000000
