    7
_______0	0.000000	1.099854	1.197554	1.068153	1.076111	1.102408  1.077273
_______1	1.099854	0.000000	0.936570	1.006383	1.024956	0.999175  1.017483
_______2	1.197554	0.936570	0.000000	0.993556	0.952383	0.957899  0.939082
_______3	1.068153	1.006383	0.993556	0.000000	0.281609	0.277254  0.286692
_______4	1.076111	1.024956	0.952383	0.281609	0.000000	0.202121  0.187499
_______5	1.102408	0.999175	0.957899	0.277254	0.202121	0.000000  0.122154
_______6	1.077273	1.017483	0.939082	0.286692	0.187499	0.122154  0.000000
