    7
_______0	0.000000	0.430924	0.376846	0.462590	0.468353	0.471172  0.473037
_______1	0.430924	0.000000	0.283960	0.268596	0.298533	0.293865  0.290033
_______2	0.376846	0.283960	0.000000	0.270783	0.272867	0.261136  0.295534
_______3	0.462590	0.268596	0.270783	0.000000	0.133064	0.138225  0.150023
_______4	0.468353	0.298533	0.272867	0.133064	0.000000	0.074833  0.134514
_______5	0.471172	0.293865	0.261136	0.138225	0.074833	0.000000  0.131257
_______6	0.473037	0.290033	0.295534	0.150023	0.134514	0.131257  0.000000
