    7
_______0	0.000000	0.688567	0.585490	0.717435	0.803942	0.723031  0.760796
_______1	0.688567	0.000000	0.608783	0.772385	0.819178	0.773192  0.779463
_______2	0.585490	0.608783	0.000000	0.576977	0.676426	0.604841  0.642961
_______3	0.717435	0.772385	0.576977	0.000000	0.259439	0.218349  0.213844
_______4	0.803942	0.819178	0.676426	0.259439	0.000000	0.145665  0.130057
_______5	0.723031	0.773192	0.604841	0.218349	0.145665	0.000000  0.062997
_______6	0.760796	0.779463	0.642961	0.213844	0.130057	0.062997  0.000000
