    7
_______0	0.000000	0.241469	0.230822	0.236460	0.856812	0.842636  0.722135
_______1	0.241469	0.000000	0.159912	0.185780	0.755245	0.865429  0.823886
_______2	0.230822	0.159912	0.000000	0.127257	0.781269	0.836716  0.791603
_______3	0.236460	0.185780	0.127257	0.000000	0.784902	0.841998  0.828336
_______4	0.856812	0.755245	0.781269	0.784902	0.000000	0.900204  0.946929
_______5	0.842636	0.865429	0.836716	0.841998	0.900204	0.000000  0.860745
_______6	0.722135	0.823886	0.791603	0.828336	0.946929	0.860745  0.000000
