    7
_______0	0.000000	0.789818	0.806697	0.739472	0.752790	0.801809  0.787389
_______1	0.789818	0.000000	0.835371	0.820909	0.824129	0.814141  0.832069
_______2	0.806697	0.835371	0.000000	0.734154	0.738927	0.735317  0.710835
_______3	0.739472	0.820909	0.734154	0.000000	0.250274	0.228287  0.237523
_______4	0.752790	0.824129	0.738927	0.250274	0.000000	0.204099  0.172165
_______5	0.801809	0.814141	0.735317	0.228287	0.204099	0.000000  0.107341
_______6	0.787389	0.832069	0.710835	0.237523	0.172165	0.107341  0.000000
