    7
_______0	0.000000	1.487162	1.458276	1.395446	1.457436	1.421848  1.419110
_______1	1.487162	0.000000	1.375224	1.231773	1.263912	1.260276  1.256764
_______2	1.458276	1.375224	0.000000	1.385695	1.391165	1.417546  1.351996
_______3	1.395446	1.231773	1.385695	0.000000	0.302022	0.297133  0.288808
_______4	1.457436	1.263912	1.391165	0.302022	0.000000	0.212353  0.193470
_______5	1.421848	1.260276	1.417546	0.297133	0.212353	0.000000  0.126002
_______6	1.419110	1.256764	1.351996	0.288808	0.193470	0.126002  0.000000
