    7
_______0	0.000000	0.348756	0.355524	0.341788	0.336188	0.503510  0.467721
_______1	0.348756	0.000000	0.178588	0.154645	0.153112	0.502542  0.468075
_______2	0.355524	0.178588	0.000000	0.107373	0.118948	0.489741  0.513221
_______3	0.341788	0.154645	0.107373	0.000000	0.069552	0.505147  0.475653
_______4	0.336188	0.153112	0.118948	0.069552	0.000000	0.501371  0.474121
_______5	0.503510	0.502542	0.489741	0.505147	0.501371	0.000000  0.410580
_______6	0.467721	0.468075	0.513221	0.475653	0.474121	0.410580  0.000000
