    7
_______0	0.000000	0.230735	0.237692	0.234487	0.806655	0.871806  0.839813
_______1	0.230735	0.000000	0.206553	0.161150	0.749490	0.840227  0.938926
_______2	0.237692	0.206553	0.000000	0.111810	0.769073	0.847459  0.965220
_______3	0.234487	0.161150	0.111810	0.000000	0.744596	0.821370  0.935196
_______4	0.806655	0.749490	0.769073	0.744596	0.000000	0.730464  0.666826
_______5	0.871806	0.840227	0.847459	0.821370	0.730464	0.000000  0.587898
_______6	0.839813	0.938926	0.965220	0.935196	0.666826	0.587898  0.000000
