    7
_______0	0.000000	0.945897	0.910025	0.908928	0.917983	0.924799  0.922588
_______1	0.945897	0.000000	0.903275	0.786765	0.840774	0.792440  0.796448
_______2	0.910025	0.903275	0.000000	0.731994	0.735036	0.714704  0.732543
_______3	0.908928	0.786765	0.731994	0.000000	0.245453	0.253113  0.234760
_______4	0.917983	0.840774	0.735036	0.245453	0.000000	0.197800  0.175175
_______5	0.924799	0.792440	0.714704	0.253113	0.197800	0.000000  0.118150
_______6	0.922588	0.796448	0.732543	0.234760	0.175175	0.118150  0.000000
