    7
_______0	0.000000	1.084463	1.072645	1.059275	1.051409	1.189949  1.025256
_______1	1.084463	0.000000	0.243072	0.225589	0.235381	1.153019  1.004100
_______2	1.072645	0.243072	0.000000	0.168612	0.189082	1.121797  0.980524
_______3	1.059275	0.225589	0.168612	0.000000	0.109138	1.168306  1.013051
_______4	1.051409	0.235381	0.189082	0.109138	0.000000	1.137394  0.979396
_______5	1.189949	1.153019	1.121797	1.168306	1.137394	0.000000  0.937909
_______6	1.025256	1.004100	0.980524	1.013051	0.979396	0.937909  0.000000
