    7
_______0	0.000000	0.211046	0.214530	0.201431	0.698376	0.638688  0.710572
_______1	0.211046	0.000000	0.141800	0.156057	0.713609	0.612035  0.745739
_______2	0.214530	0.141800	0.000000	0.068718	0.728030	0.654719  0.744715
_______3	0.201431	0.156057	0.068718	0.000000	0.729656	0.633842  0.730751
_______4	0.698376	0.713609	0.728030	0.729656	0.000000	0.788384  0.674870
_______5	0.638688	0.612035	0.654719	0.633842	0.788384	0.000000  0.584545
_______6	0.710572	0.745739	0.744715	0.730751	0.674870	0.584545  0.000000
