    7
_______0	0.000000	0.250559	0.238669	0.250385	0.817612	0.825786  0.830565
_______1	0.250559	0.000000	0.166108	0.180465	0.863091	0.847272  0.810800
_______2	0.238669	0.166108	0.000000	0.121904	0.900275	0.781168  0.816755
_______3	0.250385	0.180465	0.121904	0.000000	0.867148	0.838989  0.824272
_______4	0.817612	0.863091	0.900275	0.867148	0.000000	0.918567  0.765406
_______5	0.825786	0.847272	0.781168	0.838989	0.918567	0.000000  0.704368
_______6	0.830565	0.810800	0.816755	0.824272	0.765406	0.704368  0.000000
