    7
_______0	0.000000	0.326562	0.285433	0.333715	1.400817	1.481351  1.602410
_______1	0.326562	0.000000	0.180376	0.231028	1.525372	1.572593  1.658165
_______2	0.285433	0.180376	0.000000	0.136457	1.556961	1.628723  1.640275
_______3	0.333715	0.231028	0.136457	0.000000	1.583550	1.588169  1.643779
_______4	1.400817	1.525372	1.556961	1.583550	0.000000	1.293665  1.271210
_______5	1.481351	1.572593	1.628723	1.588169	1.293665	0.000000  1.417911
_______6	1.602410	1.658165	1.640275	1.643779	1.271210	1.417911  0.000000
