    7
_______0	0.000000	1.611735	1.620099	1.654119	1.696812	1.594934  1.632421
_______1	1.611735	0.000000	0.291606	0.277517	0.307234	1.423093  1.522034
_______2	1.620099	0.291606	0.000000	0.222318	0.263465	1.386425  1.499519
_______3	1.654119	0.277517	0.222318	0.000000	0.161596	1.363828  1.493281
_______4	1.696812	0.307234	0.263465	0.161596	0.000000	1.358324  1.425684
_______5	1.594934	1.423093	1.386425	1.363828	1.358324	0.000000  1.454978
_______6	1.632421	1.522034	1.499519	1.493281	1.425684	1.454978  0.000000
