    7
_______0	0.000000	0.690949	0.760549	0.660567	0.675978	0.672913  0.705785
_______1	0.690949	0.000000	0.533748	0.585646	0.581374	0.583830  0.629311
_______2	0.760549	0.533748	0.000000	0.532615	0.540792	0.524662  0.565046
_______3	0.660567	0.585646	0.532615	0.000000	0.182729	0.206635  0.188077
_______4	0.675978	0.581374	0.540792	0.182729	0.000000	0.146872  0.138250
_______5	0.672913	0.583830	0.524662	0.206635	0.146872	0.000000  0.106549
_______6	0.705785	0.629311	0.565046	0.188077	0.138250	0.106549  0.000000
