    7
_______0	0.000000	0.459287	0.458189	0.441846	0.458740	0.573542  0.466271
_______1	0.459287	0.000000	0.149389	0.192728	0.161922	0.596360  0.454002
_______2	0.458189	0.149389	0.000000	0.119381	0.111007	0.626053  0.465321
_______3	0.441846	0.192728	0.119381	0.000000	0.098108	0.614196  0.439152
_______4	0.458740	0.161922	0.111007	0.098108	0.000000	0.619388  0.452816
_______5	0.573542	0.596360	0.626053	0.614196	0.619388	0.000000  0.479212
_______6	0.466271	0.454002	0.465321	0.439152	0.452816	0.479212  0.000000
