    7
_______0	0.000000	0.208105	0.189772	0.195518	0.595233	0.545283  0.650067
_______1	0.208105	0.000000	0.153841	0.160523	0.607712	0.521763  0.638855
_______2	0.189772	0.153841	0.000000	0.100485	0.611357	0.540793  0.661726
_______3	0.195518	0.160523	0.100485	0.000000	0.596375	0.538606  0.624704
_______4	0.595233	0.607712	0.611357	0.596375	0.000000	0.546209  0.605857
_______5	0.545283	0.521763	0.540793	0.538606	0.546209	0.000000  0.542414
_______6	0.650067	0.638855	0.661726	0.624704	0.605857	0.542414  0.000000
