    7
_______0	0.000000	0.808892	0.963841	0.951843	0.992426	0.985854  0.968010
_______1	0.808892	0.000000	0.851165	0.884630	0.898978	0.889395  0.849451
_______2	0.963841	0.851165	0.000000	0.708206	0.660011	0.676706  0.693744
_______3	0.951843	0.884630	0.708206	0.000000	0.214082	0.216161  0.209728
_______4	0.992426	0.898978	0.660011	0.214082	0.000000	0.176726  0.159326
_______5	0.985854	0.889395	0.676706	0.216161	0.176726	0.000000  0.095757
_______6	0.968010	0.849451	0.693744	0.209728	0.159326	0.095757  0.000000
