    7
_______0	0.000000	0.691678	0.662272	0.612606	0.604529	0.622445  0.637234
_______1	0.691678	0.000000	0.659757	0.661348	0.676854	0.626593  0.629236
_______2	0.662272	0.659757	0.000000	0.610184	0.595127	0.574689  0.566348
_______3	0.612606	0.661348	0.610184	0.000000	0.186677	0.208214  0.205189
_______4	0.604529	0.676854	0.595127	0.186677	0.000000	0.179459  0.160036
_______5	0.622445	0.626593	0.574689	0.208214	0.179459	0.000000  0.108796
_______6	0.637234	0.629236	0.566348	0.205189	0.160036	0.108796  0.000000
