    7
_______0	0.000000	0.424487	0.438116	0.463248	0.457647	0.458670  0.441976
_______1	0.424487	0.000000	0.422408	0.402068	0.400488	0.411064  0.369929
_______2	0.438116	0.422408	0.000000	0.377390	0.417556	0.410629  0.366106
_______3	0.463248	0.402068	0.377390	0.000000	0.149922	0.161381  0.130270
_______4	0.457647	0.400488	0.417556	0.149922	0.000000	0.085610  0.115478
_______5	0.458670	0.411064	0.410629	0.161381	0.085610	0.000000  0.121349
_______6	0.441976	0.369929	0.366106	0.130270	0.115478	0.121349  0.000000
