    7
_______0	0.000000	0.891014	0.835626	0.790969	0.821696	0.830126  0.831941
_______1	0.891014	0.000000	0.776585	0.769104	0.781429	0.791725  0.809220
_______2	0.835626	0.776585	0.000000	0.727477	0.746734	0.757903  0.708255
_______3	0.790969	0.769104	0.727477	0.000000	0.203213	0.219976  0.198833
_______4	0.821696	0.781429	0.746734	0.203213	0.000000	0.193841  0.169344
_______5	0.830126	0.791725	0.757903	0.219976	0.193841	0.000000  0.142345
_______6	0.831941	0.809220	0.708255	0.198833	0.169344	0.142345  0.000000
